3 1 1 1
50 10 10 10
18 12 8 9
50 25 25 25
3 3 1 1
2 1 1 1
2 2 2 1
3 2 2 1
3 2 2 2
3 3 2 2
3 3 3 3
4 1 1 1
4 2 2 1
4 3 1 1
4 3 2 1
4 3 2 2
4 3 3 1
4 3 3 2
4 3 3 3
4 4 2 2
4 4 3 1
4 4 3 2
4 4 3 3
4 4 4 1
4 4 4 2
4 4 4 3
4 4 4 4
41 29 4 38
36 20 2 33
28 5 10 4
14 6 7 10
44 14 14 18
32 17 23 9
26 1 26 7
37 17 25 31
32 9 19 23
41 22 8 8
36 7 7 19
44 4 37 20
11 11 1 10
45 18 1 26
30 5 24 16
3 3 2 2
38 14 5 13
16 9 2 3
7 2 1 7
18 14 2 14
50 35 13 35
50 44 41 6
50 40 32 25
50 22 22 28
50 32 32 42
50 9 17 5
50 35 37 34
50 46 17 8
50 44 13 13
50 9 50 47
50 23 23 26
48 48 1 1
10 5 6 7
50 30 30 30
34 33 32 31
50 17 23 35
50 25 47 32
3 2 1 1
50 20 1 49
50 25 24 1
50 13 23 34
50 27 22 34
50 25 24 25
