1
0,0
2
2,1
-1,-2
2
0,0
2,1
3
-1000,1000
-999,999
-999,997
1
-10000,-10000
1
10000,10000
1
-10000,10000
1
10000,-10000
8
2,1
2,-1
1,2
1,-2
-2,1
-2,-1
-1,2
-1,-2
2
-10000,-10000
-9997,-9997
2
10000,10000
9997,9997
8
2,1
2,-1
1,2
1,-2
-2,1
-2,-1
-1,2
-1,-3
7
2,1
2,-1
1,2
1,-2
-2,1
-2,-1
-1,2
4
2,1
1,2
-2,1
1,-2
4
10000,10000
-10000,10000
10000,-10000
-10000,-10000
2
0,0
2,2
2
0,0
1,1
2
0,0
-1,-1
2
-2,-2
0,0
5
2,1
1,-2
-2,1
-2,-1
-1,2
1
-9999,-9999
2
0,0
2,1
2
2,1
-1,-2
1
10000,10000
3
-10000,10000
-9999,9999
-9999,9997
3
-10000,-10000
10000,10000
500,501
4
-10000,-10000
10000,10000
-10000,10000
10000,-10000
3
0,3
3,0
2,1
1
0,0
2
-9999,2
-9999,0
1
42,5
1
-3,0
