1 2 3 5
1
1 2 3 5
2
1 1 1 1 1 1 1 1 1 1 1 1 1 1 1 1
3
1 2 3 4 4 3 2 1
3
1 2
1
27 31
1
70 45 72 88
1
21 22 56 91
2
64 90 2 81 96 49 91 7
1
30 13 76 6 33 16 96 63
2
90 26 26 81 67 75 32 15
3
62 15 74 99 4 33 16 11 1 21 82 15 90 37 43 25
1
94 47 46 28 39 89 75 4 28 62 69 89 34 55 81 24
2
11 32 87 12 76 99 53 59 63 49 59 98 9 24 76 71
3
66 85 20 84 0 29 60 99 76 51 3 83 82 77 45 70
4
98 73 9 60 60 69 50 19 24 75 53 97 83 46 4 23 37 80 67 96 74 86 29 46 67 21 66 67 24 27 84 97
1
22 67 76 54 49 94 76 2 75 53 24 55 7 42 36 86 13 37 94 64 86 12 48 69 48 54 40 23 39 99 50 74
2
98 96 69 84 99 29 95 49 21 93 75 92 42 56 67 96 15 15 50 67 24 64 73 24 83 84 47 10 69 85 86 1
3
56 95 5 18 32 31 57 26 84 54 46 9 14 33 85 14 83 26 26 62 44 0 52 92 51 99 47 69 24 84 24 2
4
41 53 45 1 37 61 7 30 0 51 21 83 15 23 68 32 69 35 50 83 66 83 24 83 47 39 45 15 79 96 88 34
5
14 11
1
89 57 68 82
1
89 57 68 82
2
77 86 22 51 22 69 2 76
1
77 86 22 51 22 69 2 76
2
77 86 22 51 22 69 2 76
3
85 67 42 60 93 42 79 79 18 35 81 99 84 44 74 24
1
85 67 42 60 93 42 79 79 18 35 81 99 84 44 74 24
2
85 67 42 60 93 42 79 79 18 35 81 99 84 44 74 24
3
85 67 42 60 93 42 79 79 18 35 81 99 84 44 74 24
4
92 79 52 64 79 87 44 62 92 45 18 76 12 3 0 49 95 67 87 72 68 32 33 54 52 15 79 25 47 29 15 75
1
92 79 52 64 79 87 44 62 92 45 18 76 12 3 0 49 95 67 87 72 68 32 33 54 52 15 79 25 47 29 15 75
2
92 79 52 64 79 87 44 62 92 45 18 76 12 3 0 49 95 67 87 72 68 32 33 54 52 15 79 25 47 29 15 75
3
92 79 52 64 79 87 44 62 92 45 18 76 12 3 0 49 95 67 87 72 68 32 33 54 52 15 79 25 47 29 15 75
4
92 79 52 64 79 87 44 62 92 45 18 76 12 3 0 49 95 67 87 72 68 32 33 54 52 15 79 25 47 29 15 75
5
40 40
1
47 47 47 47
1
48 48 48 48
2
60 60 60 60 60 60 60 60
1
96 96 96 96 96 96 96 96
2
72 72 72 72 72 72 72 72
3
50 50 50 50 50 50 50 50 50 50 50 50 50 50 50 50
1
71 71 71 71 71 71 71 71 71 71 71 71 71 71 71 71
2
68 68 68 68 68 68 68 68 68 68 68 68 68 68 68 68
3
88 88 88 88 88 88 88 88 88 88 88 88 88 88 88 88
4
72 72 72 72 72 72 72 72 72 72 72 72 72 72 72 72 72 72 72 72 72 72 72 72 72 72 72 72 72 72 72 72
1
97 97 97 97 97 97 97 97 97 97 97 97 97 97 97 97 97 97 97 97 97 97 97 97 97 97 97 97 97 97 97 97
2
97 97 97 97 97 97 97 97 97 97 97 97 97 97 97 97 97 97 97 97 97 97 97 97 97 97 97 97 97 97 97 97
3
95 95 95 95 95 95 95 95 95 95 95 95 95 95 95 95 95 95 95 95 95 95 95 95 95 95 95 95 95 95 95 95
4
100 100 100 100 100 100 100 100 100 100 100 100 100 100 100 100 100 100 100 100 100 100 100 100 100 100 100 100 100 100 100 100
5
1 2 3 4 4 3 2 1
3
1 2 3 5 6 8 9 7
3
94 47 46 28 39 89 75 4 28 62 69 89 34 55 81 24
2
1 100 33 55 66 22 44 99 88 45 36 84 92 15 36 85
4
94 47 46 28 39 89 75 4 28 62 69 89 34 55 81 24
3
12 34 4 8 32 42 18 23 12 2 23 12 12 13 14 12
3
1 2 3 5 6 8 9 7 10 11 12 13 14 15 16 17
4
